rgb(0,0,0) rgb(10,30,76)
rgb(1,1,1) rgb(13,32,76)
rgb(2,2,2) rgb(16,34,77)
rgb(3,3,3) rgb(19,37,77)
rgb(4,4,4) rgb(22,39,77)
rgb(5,5,5) rgb(25,41,78)
rgb(6,6,6) rgb(28,43,78)
rgb(7,7,7) rgb(31,45,78)
rgb(8,8,8) rgb(34,47,79)
rgb(9,9,9) rgb(38,50,79)
rgb(10,10,10) rgb(41,52,79)
rgb(11,11,11) rgb(44,54,79)
rgb(12,12,12) rgb(47,56,80)
rgb(13,13,13) rgb(50,58,80)
rgb(14,14,14) rgb(53,60,80)
rgb(15,15,15) rgb(56,63,81)
rgb(16,16,16) rgb(59,65,81)
rgb(17,17,17) rgb(62,67,81)
rgb(18,18,18) rgb(65,69,82)
rgb(19,19,19) rgb(68,71,82)
rgb(20,20,20) rgb(71,73,82)
rgb(21,21,21) rgb(74,76,83)
rgb(22,22,22) rgb(77,78,83)
rgb(23,23,23) rgb(80,80,83)
rgb(24,24,24) rgb(83,82,84)
rgb(25,25,25) rgb(86,84,84)
rgb(26,26,26) rgb(89,86,84)
rgb(27,27,27) rgb(93,89,84)
rgb(28,28,28) rgb(96,91,85)
rgb(29,29,29) rgb(99,93,85)
rgb(30,30,30) rgb(102,95,85)
rgb(31,31,31) rgb(105,97,86)
rgb(32,32,32) rgb(108,99,86)
rgb(33,33,33) rgb(111,102,86)
rgb(34,34,34) rgb(114,104,87)
rgb(35,35,35) rgb(117,106,87)
rgb(36,36,36) rgb(120,108,87)
rgb(37,37,37) rgb(123,110,88)
rgb(38,38,38) rgb(126,113,88)
rgb(39,39,39) rgb(129,115,88)
rgb(40,40,40) rgb(132,117,89)
rgb(41,41,41) rgb(135,119,89)
rgb(42,42,42) rgb(138,121,89)
rgb(43,43,43) rgb(141,123,90)
rgb(44,44,44) rgb(145,126,90)
rgb(45,45,45) rgb(148,128,90)
rgb(46,46,46) rgb(151,130,90)
rgb(47,47,47) rgb(154,132,91)
rgb(48,48,48) rgb(157,134,91)
rgb(49,49,49) rgb(160,136,91)
rgb(50,50,50) rgb(163,139,92)
rgb(51,51,51) rgb(166,141,92)
rgb(52,52,52) rgb(169,143,92)
rgb(53,53,53) rgb(172,145,93)
rgb(54,54,54) rgb(175,147,93)
rgb(55,55,55) rgb(178,149,93)
rgb(56,56,56) rgb(181,152,94)
rgb(57,57,57) rgb(184,154,94)
rgb(58,58,58) rgb(187,156,94)
rgb(59,59,59) rgb(190,158,95)
rgb(60,60,60) rgb(193,160,95)
rgb(61,61,61) rgb(196,162,95)
rgb(62,62,62) rgb(200,165,95)
rgb(63,63,63) rgb(203,167,96)
rgb(64,64,64) rgb(206,169,96)
rgb(65,65,65) rgb(209,171,96)
rgb(66,66,66) rgb(212,173,97)
rgb(67,67,67) rgb(215,175,97)
rgb(68,68,68) rgb(218,178,97)
rgb(69,69,69) rgb(221,180,98)
rgb(70,70,70) rgb(224,182,98)
rgb(71,71,71) rgb(10,30,76)
rgb(72,72,72) rgb(11,32,78)
rgb(73,73,73) rgb(13,33,80)
rgb(74,74,74) rgb(14,35,82)
rgb(75,75,75) rgb(16,36,83)
rgb(76,76,76) rgb(17,38,85)
rgb(77,77,77) rgb(19,40,87)
rgb(78,78,78) rgb(20,41,89)
rgb(79,79,79) rgb(22,43,91)
rgb(80,80,80) rgb(23,44,93)
rgb(81,81,81) rgb(25,46,95)
rgb(82,82,82) rgb(26,48,96)
rgb(83,83,83) rgb(28,49,98)
rgb(84,84,84) rgb(29,51,100)
rgb(85,85,85) rgb(31,53,102)
rgb(86,86,86) rgb(32,54,104)
rgb(87,87,87) rgb(34,56,106)
rgb(88,88,88) rgb(35,57,108)
rgb(89,89,89) rgb(37,59,109)
rgb(90,90,90) rgb(38,61,111)
rgb(91,91,91) rgb(40,62,113)
rgb(92,92,92) rgb(41,64,115)
rgb(93,93,93) rgb(43,65,117)
rgb(94,94,94) rgb(44,67,119)
rgb(95,95,95) rgb(45,69,121)
rgb(96,96,96) rgb(47,70,122)
rgb(97,97,97) rgb(48,72,124)
rgb(98,98,98) rgb(50,73,126)
rgb(99,99,99) rgb(51,75,128)
rgb(100,100,100) rgb(53,77,130)
rgb(101,101,101) rgb(54,78,132)
rgb(102,102,102) rgb(56,80,134)
rgb(103,103,103) rgb(57,81,135)
rgb(104,104,104) rgb(59,83,137)
rgb(105,105,105) rgb(60,85,139)
rgb(106,106,106) rgb(62,86,141)
rgb(107,107,107) rgb(63,88,143)
rgb(108,108,108) rgb(65,90,145)
rgb(109,109,109) rgb(66,91,146)
rgb(110,110,110) rgb(68,93,148)
rgb(111,111,111) rgb(69,94,150)
rgb(112,112,112) rgb(71,96,152)
rgb(113,113,113) rgb(72,98,154)
rgb(114,114,114) rgb(74,99,156)
rgb(115,115,115) rgb(75,101,158)
rgb(116,116,116) rgb(77,102,159)
rgb(117,117,117) rgb(78,104,161)
rgb(118,118,118) rgb(79,106,163)
rgb(119,119,119) rgb(81,107,165)
rgb(120,120,120) rgb(82,109,167)
rgb(121,121,121) rgb(84,110,169)
rgb(122,122,122) rgb(85,112,171)
rgb(123,123,123) rgb(87,114,172)
rgb(124,124,124) rgb(88,115,174)
rgb(125,125,125) rgb(90,117,176)
rgb(126,126,126) rgb(91,118,178)
rgb(127,127,127) rgb(93,120,180)
rgb(128,128,128) rgb(94,122,182)
rgb(129,129,129) rgb(96,123,184)
rgb(130,130,130) rgb(97,125,185)
rgb(131,131,131) rgb(99,127,187)
rgb(132,132,132) rgb(100,128,189)
rgb(133,133,133) rgb(102,130,191)
rgb(134,134,134) rgb(103,131,193)
rgb(135,135,135) rgb(105,133,195)
rgb(136,136,136) rgb(106,135,197)
rgb(137,137,137) rgb(108,136,198)
rgb(138,138,138) rgb(109,138,200)
rgb(139,139,139) rgb(111,139,202)
rgb(140,140,140) rgb(112,141,204)
rgb(141,141,141) rgb(114,143,206)
